{
 "cells": [
  {
   "cell_type": "code",
   "execution_count": 246,
   "metadata": {},
   "outputs": [],
   "source": [
    "import random\n",
    "import math\n",
    "import numpy as np\n",
    "from matplotlib import pyplot as plt\n",
    "\n",
    "state = False\n",
    "def generate_Gaussian_data(mean, var):\n",
    "\t# Box–Muller\n",
    "\tglobal state \n",
    "\tstate = not state\n",
    "\tU = random.random()\n",
    "\tV = random.random()\n",
    "\tif state:\n",
    "\t\tX = math.sqrt(-2*math.log(U))*math.cos(2*math.pi*V)\n",
    "\telse:\n",
    "\t\tX = math.sqrt(-2*math.log(U))*math.sin(2*math.pi*V)\n",
    "\treturn mean+X*math.sqrt(var)\n",
    "def generate_polynomial_data(n, a, w):\n",
    "\te = generate_Gaussian_data(0, a)\n",
    "\tx = np.random.uniform(-1,1)\n",
    "\ty = 0\n",
    "\tfor i in range(n):\n",
    "\t\ty += w[i]*math.pow(x,i)\n",
    "\ty += e\n",
    "\tprint(f'Add data point ({x}, {y}):')\n",
    "\treturn x, y\n",
    "def Polyline(x, coeffs, cov, isCov):\n",
    "\t# a n\n",
    "\ty,y_up,y_down = [],[],[]\n",
    "\tfor _x in x:\n",
    "\t\tx_list = [math.pow(_x,i) for i in range(n)]\n",
    "\t\ty_predict = np.dot(x_list,coeffs)\n",
    "\t\ty.append(y_predict)\n",
    "\t\tif isCov:\n",
    "\t\t\tX_array = np.array(x_list).reshape((1,n))\n",
    "\t\t\ty_var = (1/a)+np.dot(np.dot(X_array,cov),X_array.transpose())[0][0]\n",
    "\t\t\ty_up.append(y_predict+y_var)\n",
    "\t\t\ty_down.append(y_predict-y_var)\n",
    "\t\telse:\n",
    "\t\t\ty_up.append(y_predict+cov)\n",
    "\t\t\ty_down.append(y_predict-cov)\n",
    "\treturn y, y_up, y_down\n",
    "def draw(title, x, w, cov, isCov, points_x, points_y):\n",
    "\ty, y_up, y_down = Polyline(x, w, cov, isCov)\n",
    "\tplt.plot(x, y, 'k')\n",
    "\tplt.plot(x, y_up, 'r')\n",
    "\tplt.plot(x, y_down, 'r')\n",
    "\tif isCov:\n",
    "\t\tplt.scatter(points_x, points_y, color='b')\n",
    "\tplt.title(title)\n",
    "\tplt.show()\n"
   ]
  },
  {
   "cell_type": "code",
   "execution_count": 249,
   "metadata": {},
   "outputs": [
    {
     "data": {
      "text/plain": [
       "[1.0, 2.0, 3.0, 4.0]"
      ]
     },
     "execution_count": 249,
     "metadata": {},
     "output_type": "execute_result"
    }
   ],
   "source": [
    "w"
   ]
  },
  {
   "cell_type": "code",
   "execution_count": 250,
   "metadata": {},
   "outputs": [
    {
     "name": "stdout",
     "output_type": "stream",
     "text": [
      "------------------------------1------------------------------\n",
      "Add data point (0.11663933535096072, 1.3462118891798356):\n",
      "Posterior mean:\n",
      "[[0.66849588]\n",
      " [0.07797292]\n",
      " [0.00909471]\n",
      " [0.0010608 ]]\n",
      "Posterior variance:\n",
      "[[ 5.03424470e-01 -5.79202398e-02 -6.75577828e-03 -7.87989488e-04]\n",
      " [-5.79202398e-02  9.93244222e-01 -7.87989488e-04 -9.19105701e-05]\n",
      " [-6.75577828e-03 -7.87989488e-04  9.99908089e-01 -1.07203878e-05]\n",
      " [-7.87989488e-04 -9.19105701e-05 -1.07203878e-05  9.99998750e-01]]\n",
      "Predictive distribution ~ N(0.6777160063228285, 1.5034244696321315)\n",
      "------------------------------2------------------------------\n",
      "Add data point (-0.537954111360841, 0.021312365258901567):\n",
      "Posterior mean:\n",
      "[[ 0.50312289]\n",
      " [ 0.26187862]\n",
      " [-0.07876408]\n",
      " [ 0.04961647]]\n",
      "Posterior variance:\n",
      "[[ 0.3584485   0.10330262 -0.0837781   0.04177884]\n",
      " [ 0.10330262  0.81395373  0.08486593 -0.04742904]\n",
      " [-0.0837781   0.08486593  0.95898794  0.02260404]\n",
      " [ 0.04177884 -0.04742904  0.02260404  0.98750057]]\n",
      "Predictive distribution ~ N(0.331725961143986, 1.4892030487813654)\n",
      "------------------------------3------------------------------\n",
      "Add data point (0.5323240160904095, 3.4080008127060872):\n",
      "Posterior mean:\n",
      "[[1.1204181 ]\n",
      " [1.12466152]\n",
      " [0.2899833 ]\n",
      " [0.3175704 ]]\n",
      "Posterior variance:\n",
      "[[ 2.70526790e-01 -1.95840409e-02 -1.36299005e-01  3.61400847e-03]\n",
      " [-1.95840409e-02  6.42197157e-01  1.14583712e-02 -1.00771374e-01]\n",
      " [-1.36299005e-01  1.14583712e-02  9.27614060e-01 -1.94101981e-04]\n",
      " [ 3.61400847e-03 -1.00771374e-01 -1.94101981e-04  9.70934079e-01]]\n",
      "Predictive distribution ~ N(1.8491782770756056, 1.4393347034882136)\n",
      "------------------------------4------------------------------\n",
      "Add data point (-0.9997097913167068, -3.5743523549678673):\n",
      "Posterior mean:\n",
      "[[ 0.96119391]\n",
      " [ 1.70684482]\n",
      " [-0.53595752]\n",
      " [ 1.2350688 ]]\n",
      "Posterior variance:\n",
      "[[ 0.2637733   0.00510925 -0.17133126  0.04252967]\n",
      " [ 0.00510925  0.55190925  0.13954942 -0.24306163]\n",
      " [-0.17133126  0.13954942  0.74589188  0.20167244]\n",
      " [ 0.04252967 -0.24306163  0.20167244  0.74669013]]\n",
      "Predictive distribution ~ N(-2.514795885601358, 1.700940014936871)\n",
      "------------------------------5------------------------------\n",
      "Add data point (-0.32030243282195503, 0.9111383569317886):\n",
      "Posterior mean:\n",
      "[[ 1.07438987]\n",
      " [ 1.63731308]\n",
      " [-0.60398478]\n",
      " [ 1.28931842]]\n",
      "Posterior variance:\n",
      "[[ 0.21729596  0.03365841 -0.14339982  0.02025522]\n",
      " [ 0.03365841  0.53437264  0.12239225 -0.22937933]\n",
      " [-0.14339982  0.12239225  0.72910594  0.21505869]\n",
      " [ 0.02025522 -0.22937933  0.21505869  0.73601501]]\n",
      "Predictive distribution ~ N(0.4456212130141486, 1.2139488018747295)\n",
      "------------------------------6------------------------------\n",
      "Add data point (-0.12319622485961834, -0.7672789621754449):\n",
      "Posterior mean:\n",
      "[[ 0.79105376]\n",
      " [ 1.67745953]\n",
      " [-0.40543489]\n",
      " [ 1.22161691]]\n",
      "Posterior variance:\n",
      "[[ 0.18059353  0.03885885 -0.11768031  0.01148539]\n",
      " [ 0.03885885  0.53363578  0.118748   -0.22813671]\n",
      " [-0.11768031  0.118748    0.71108281  0.22120422]\n",
      " [ 0.01148539 -0.22813671  0.22120422  0.73391951]]\n",
      "Predictive distribution ~ N(0.5759595052277671, 1.1751077024027143)\n",
      "------------------------------7------------------------------\n",
      "Add data point (0.8301538823373098, 6.3703085559921275):\n",
      "Posterior mean:\n",
      "[[1.03508641]\n",
      " [2.44167832]\n",
      " [0.6486827 ]\n",
      " [1.91746095]]\n",
      "Posterior variance:\n",
      "[[ 0.17163324  0.01079859 -0.15638495 -0.01406432]\n",
      " [ 0.01079859  0.44576156 -0.00246043 -0.30814881]\n",
      " [-0.15638495 -0.00246043  0.54389516  0.11084032]\n",
      " [-0.01406432 -0.30814881  0.11084032  0.6610661 ]]\n",
      "Predictive distribution ~ N(4.6060875415287175, 1.531691494837115)\n",
      "------------------------------8------------------------------\n",
      "Add data point (-0.2289716086879776, -0.2889393644366034):\n",
      "Posterior mean:\n",
      "[[0.92857217]\n",
      " [2.49965045]\n",
      " [0.7337172 ]\n",
      " [1.88152112]]\n",
      "Posterior variance:\n",
      "[[ 0.1495147   0.02283697 -0.13872686 -0.02152751]\n",
      " [ 0.02283697  0.43920947 -0.01207114 -0.30408685]\n",
      " [-0.13872686 -0.01207114  0.52979801  0.11679848]\n",
      " [-0.02152751 -0.30408685  0.11679848  0.65854788]]\n",
      "Predictive distribution ~ N(0.372103740484623, 1.1480763149180289)\n",
      "------------------------------9------------------------------\n",
      "Add data point (-0.0027591758849945247, 0.29958723720154645):\n",
      "Posterior mean:\n",
      "[[0.84768381]\n",
      " [2.48794617]\n",
      " [0.80878124]\n",
      " [1.89271804]]\n",
      "Posterior variance:\n",
      "[[ 0.13008222  0.02002516 -0.12069361 -0.01883759]\n",
      " [ 0.02002516  0.43880261 -0.00946179 -0.30369762]\n",
      " [-0.12069361 -0.00946179  0.51306324  0.11430224]\n",
      " [-0.01883759 -0.30369762  0.11430224  0.65817553]]\n",
      "Predictive distribution ~ N(0.8408252414775035, 1.1299732206227358)\n",
      "------------------------------10------------------------------\n",
      "Add data point (0.7970892376352425, 6.329919756405546):\n",
      "Posterior mean:\n",
      "[[0.93055268]\n",
      " [2.77882101]\n",
      " [1.16289357]\n",
      " [2.09362617]]\n",
      "Posterior variance:\n",
      "[[ 0.12763625  0.01143964 -0.13114565 -0.02476763]\n",
      " [ 0.01143964  0.40866693 -0.0461491  -0.32451243]\n",
      " [-0.13114565 -0.0461491   0.46839994  0.0889622 ]\n",
      " [-0.02476763 -0.32451243  0.0889622   0.64379868]]\n",
      "Predictive distribution ~ N(4.944645437758117, 1.3164972925484844)\n",
      "------------------------------11------------------------------\n",
      "Add data point (0.8764284682728727, 6.600649834899501):\n",
      "Posterior mean:\n",
      "[[0.9436429 ]\n",
      " [2.85360183]\n",
      " [1.32324971]\n",
      " [2.21809388]]\n",
      "Posterior variance:\n",
      "[[ 0.12735179  0.00981462 -0.13463027 -0.02747237]\n",
      " [ 0.00981462  0.39938362 -0.06605576 -0.33996389]\n",
      " [-0.13463027 -0.06605576  0.42571313  0.05582889]\n",
      " [-0.02747237 -0.33996389  0.05582889  0.61808076]]\n",
      "Predictive distribution ~ N(5.954283515737073, 1.3064464606037907)\n",
      "------------------------------12------------------------------\n",
      "Add data point (-0.31451959870928636, -0.6685838833500934):\n",
      "Posterior mean:\n",
      "[[0.8673222 ]\n",
      " [2.92989164]\n",
      " [1.37340954]\n",
      " [2.1732133 ]]\n",
      "Posterior variance:\n",
      "[[ 0.11636444  0.02079752 -0.12740911 -0.03393351]\n",
      " [ 0.02079752  0.38840516 -0.07327399 -0.33350536]\n",
      " [-0.12740911 -0.07327399  0.42096721  0.06007531]\n",
      " [-0.03393351 -0.33350536  0.06007531  0.61428127]]\n",
      "Predictive distribution ~ N(0.014059691569180216, 1.1209850035092308)\n",
      "------------------------------13------------------------------\n",
      "Add data point (-0.7974292978796171, -1.1562000860530695):\n",
      "Posterior mean:\n",
      "[[0.88234411]\n",
      " [2.86039219]\n",
      " [1.44367761]\n",
      " [2.15597513]]\n",
      "Posterior variance:\n",
      "[[ 0.11536666  0.02541383 -0.13207647 -0.03278851]\n",
      " [ 0.02541383  0.36704765 -0.05168028 -0.33880273]\n",
      " [-0.13207647 -0.05168028  0.39913468  0.06543127]\n",
      " [-0.03278851 -0.33880273  0.06543127  0.61296734]]\n",
      "Predictive distribution ~ N(-1.5738433167317543, 1.2287435173712333)\n",
      "------------------------------14------------------------------\n",
      "Add data point (-0.17714888812707663, 0.29955572218933746):\n",
      "Posterior mean:\n",
      "[[0.8718111 ]\n",
      " [2.86426899]\n",
      " [1.45459069]\n",
      " [2.15342561]]\n",
      "Posterior variance:\n",
      "[[ 0.10507345  0.02920236 -0.12141184 -0.03527999]\n",
      " [ 0.02920236  0.36565323 -0.05560552 -0.33788571]\n",
      " [-0.12141184 -0.05560552  0.38808523  0.06801265]\n",
      " [-0.03527999 -0.33788571  0.06801265  0.61236428]]\n",
      "Predictive distribution ~ N(0.3980851962405596, 1.0993041044124419)\n",
      "------------------------------15------------------------------\n",
      "Add data point (0.34032089370915686, 3.7116199829878456):\n",
      "Posterior mean:\n",
      "[[1.01384483]\n",
      " [3.05527077]\n",
      " [1.32233204]\n",
      " [1.98471895]]\n",
      "Posterior variance:\n",
      "[[ 0.09629957  0.01740358 -0.1132418  -0.02485845]\n",
      " [ 0.01740358  0.34978665 -0.04461875 -0.3238712 ]\n",
      " [-0.1132418  -0.04461875  0.38047747  0.05830833]\n",
      " [-0.02485845 -0.3238712   0.05830833  0.59998564]]\n",
      "Predictive distribution ~ N(2.28499604206284, 1.1148284023185804)\n",
      "------------------------------16------------------------------\n",
      "Add data point (0.959466960434751, 9.544728871579967):\n",
      "Posterior mean:\n",
      "[[0.99001191]\n",
      " [3.10196329]\n",
      " [1.76574261]\n",
      " [2.43230174]]\n",
      "Posterior variance:\n",
      "[[ 0.09617985  0.01763812 -0.11101446 -0.02261014]\n",
      " [ 0.01763812  0.34932714 -0.04898248 -0.32827598]\n",
      " [-0.11101446 -0.04898248  0.33903781  0.01647874]\n",
      " [-0.02261014 -0.32827598  0.01647874  0.55776246]]\n",
      "Predictive distribution ~ N(7.740107269113259, 1.3136012390764955)\n",
      "------------------------------17------------------------------\n",
      "Add data point (-0.4190234235735564, 1.0622095237625073):\n",
      "Posterior mean:\n",
      "[[1.06955015]\n",
      " [2.97509492]\n",
      " [1.72967993]\n",
      " [2.5183882 ]]\n",
      "Posterior variance:\n",
      "[[ 0.09163153  0.02489298 -0.10895224 -0.02753293]\n",
      " [ 0.02489298  0.33775519 -0.05227184 -0.32042385]\n",
      " [-0.10895224 -0.05227184  0.3381028   0.01871074]\n",
      " [-0.02753293 -0.32042385  0.01871074  0.55243439]]\n",
      "Predictive distribution ~ N(-0.05866987693389519, 1.0967300359309748)\n",
      "------------------------------18------------------------------\n",
      "Add data point (0.6997287628433446, 5.2886001412012105):\n",
      "Posterior mean:\n",
      "[[1.0870751 ]\n",
      " [3.02276267]\n",
      " [1.73968773]\n",
      " [2.49819506]]\n",
      "Posterior variance:\n",
      "[[ 0.08973511  0.01973473 -0.11003521 -0.02534777]\n",
      " [ 0.01973473  0.32372478 -0.05521751 -0.31448024]\n",
      " [-0.11003521 -0.05521751  0.33748436  0.01995859]\n",
      " [-0.02534777 -0.31448024  0.01995859  0.54991655]]\n",
      "Predictive distribution ~ N(4.909860800403358, 1.1142684802665017)\n",
      "------------------------------19------------------------------\n",
      "Add data point (0.1198713512463605, 1.631688836781399):\n",
      "Posterior mean:\n",
      "[[1.09970733]\n",
      " [3.03074961]\n",
      " [1.72408237]\n",
      " [2.48956503]]\n",
      "Posterior variance:\n",
      "[[ 0.08226363  0.01501076 -0.10080525 -0.02024344]\n",
      " [ 0.01501076  0.32073797 -0.04938171 -0.31125295]\n",
      " [-0.10080525 -0.04938171  0.32608202  0.01365291]\n",
      " [-0.02024344 -0.31125295  0.01365291  0.5464294 ]]\n",
      "Predictive distribution ~ N(1.4920691115488363, 1.0872753555941537)\n",
      "------------------------------20------------------------------\n",
      "Add data point (-0.41598718099046517, 2.0148869520622066):\n",
      "Posterior mean:\n",
      "[[1.21257017]\n",
      " [2.83418951]\n",
      " [1.67742223]\n",
      " [2.62541895]]\n",
      "Posterior variance:\n",
      "[[ 0.07896946  0.02074785 -0.09944336 -0.02420867]\n",
      " [ 0.02074785  0.31074635 -0.05175355 -0.30434717]\n",
      " [-0.09944336 -0.05175355  0.32551898  0.01529222]\n",
      " [-0.02420867 -0.30434717  0.01529222  0.54165642]]\n",
      "Predictive distribution ~ N(0.13486391239111747, 1.0859469654724312)\n",
      "------------------------------21------------------------------\n",
      "Add data point (0.2477745503307489, 2.795653101585):\n",
      "Posterior mean:\n",
      "[[1.2649909 ]\n",
      " [2.89491466]\n",
      " [1.61527   ]\n",
      " [2.56435357]]\n",
      "Posterior variance:\n",
      "[[ 0.07345429  0.01435898 -0.09290434 -0.017784  ]\n",
      " [ 0.01435898  0.30334537 -0.04417864 -0.29690471]\n",
      " [-0.09290434 -0.04417864  0.31776605  0.00767487]\n",
      " [-0.017784   -0.29690471  0.00767487  0.53417226]]\n",
      "Predictive distribution ~ N(2.1204495946315567, 1.0849981478986508)\n",
      "------------------------------22------------------------------\n",
      "Add data point (0.46514911856295615, 2.7708103313599812):\n",
      "Posterior mean:\n",
      "[[1.24109284]\n",
      " [2.84730916]\n",
      " [1.63329479]\n",
      " [2.60557789]]\n",
      "Posterior variance:\n",
      "[[ 0.07034958  0.00817433 -0.09056266 -0.01242837]\n",
      " [ 0.00817433  0.29102541 -0.03951396 -0.28623616]\n",
      " [-0.09056266 -0.03951396  0.31599987  0.00363545]\n",
      " [-0.01242837 -0.28623616  0.00363545  0.52493375]]\n",
      "Predictive distribution ~ N(3.1811308695597478, 1.0847463508891193)\n",
      "------------------------------23------------------------------\n",
      "Add data point (0.4145989891000552, 2.9503862629582756):\n",
      "Posterior mean:\n",
      "[[1.24438905]\n",
      " [2.8531576 ]\n",
      " [1.63028155]\n",
      " [2.60022288]]\n",
      "Posterior variance:\n",
      "[[ 0.06732163  0.00280185 -0.08779465 -0.00750916]\n",
      " [ 0.00280185  0.28149305 -0.03460269 -0.27750804]\n",
      " [-0.08779465 -0.03460269  0.31346948 -0.00086146]\n",
      " [-0.00750916 -0.27750804 -0.00086146  0.51694202]]\n",
      "Predictive distribution ~ N(2.8928466707350307, 1.0773140610377778)\n",
      "------------------------------24------------------------------\n",
      "Add data point (0.3060654848128701, 2.9855767169817424):\n",
      "Posterior mean:\n",
      "[[1.27999712]\n",
      " [2.89950637]\n",
      " [1.58912671]\n",
      " [2.55390692]]\n",
      "Posterior variance:\n",
      "[[ 0.06400131 -0.00152    -0.08395711 -0.00319037]\n",
      " [-0.00152     0.27586758 -0.02960761 -0.27188654]\n",
      " [-0.08395711 -0.02960761  0.30903416 -0.005853  ]\n",
      " [-0.00319037 -0.27188654 -0.005853    0.5113245 ]]\n",
      "Predictive distribution ~ N(2.389522212877985, 1.069631814600312)\n",
      "------------------------------25------------------------------\n",
      "Add data point (0.6541217235383281, 4.726515803642688):\n",
      "Posterior mean:\n",
      "[[1.28374043]\n",
      " [2.91239329]\n",
      " [1.59302364]\n",
      " [2.54812839]]\n",
      "Posterior variance:\n",
      "[[ 0.06336938 -0.00369549 -0.08461497 -0.00221487]\n",
      " [-0.00369549  0.26837812 -0.03187238 -0.26852825]\n",
      " [-0.08461497 -0.03187238  0.3083493  -0.00483747]\n",
      " [-0.00221487 -0.26852825 -0.00483747  0.50981863]]\n",
      "Predictive distribution ~ N(4.583592004097426, 1.0787835268738408)\n",
      "------------------------------26------------------------------\n",
      "Add data point (0.35338492844164304, 1.9141777889550318):\n",
      "Posterior mean:\n",
      "[[1.24954771]\n",
      " [2.86229083]\n",
      " [1.63133143]\n",
      " [2.59816391]]\n",
      "Posterior variance:\n",
      "[[ 0.06089459 -0.00732179 -0.08184234  0.00140658]\n",
      " [-0.00732179  0.26306451 -0.02780966 -0.26322174]\n",
      " [-0.08184234 -0.02780966  0.30524299 -0.00889476]\n",
      " [ 0.00140658 -0.26322174 -0.00889476  0.50451922]]\n",
      "Predictive distribution ~ N(2.579419948475672, 1.0632348871563824)\n",
      "------------------------------27------------------------------\n",
      "Add data point (0.3423704631951654, 1.9843154725746448):\n",
      "Posterior mean:\n",
      "[[1.22470246]\n",
      " [2.82723839]\n",
      " [1.65978248]\n",
      " [2.63351527]]\n",
      "Posterior variance:\n",
      "[[ 0.05864983 -0.01048878 -0.07927179  0.00460058]\n",
      " [-0.01048878  0.25859643 -0.02418305 -0.25871556]\n",
      " [-0.07927179 -0.02418305  0.30229937 -0.0125523 ]\n",
      " [ 0.00460058 -0.25871556 -0.0125523   0.49997461]]\n",
      "Predictive distribution ~ N(2.4929087483977543, 1.0593551667819634)\n",
      "------------------------------28------------------------------\n",
      "Add data point (0.35565118873141954, 0.7394553042650678):\n",
      "Posterior mean:\n",
      "[[1.14726691]\n",
      " [2.71257071]\n",
      " [1.74597552]\n",
      " [2.74770901]]\n",
      "Posterior variance:\n",
      "[[ 0.0567301  -0.01333153 -0.07713495  0.00743159]\n",
      " [-0.01333153  0.25438684 -0.02101879 -0.25452336]\n",
      " [-0.07713495 -0.02101879  0.29992088 -0.01570348]\n",
      " [ 0.00743159 -0.25452336 -0.01570348  0.49579974]]\n",
      "Predictive distribution ~ N(2.4564475913011226, 1.0561672649450164)\n",
      "------------------------------29------------------------------\n",
      "Add data point (0.8716872036138836, 8.33387894026015):\n",
      "Posterior mean:\n",
      "[[1.13500808]\n",
      " [2.74666907]\n",
      " [1.92035989]\n",
      " [2.89349918]]\n",
      "Posterior variance:\n",
      "[[ 0.05666734 -0.01315695 -0.0762421   0.00817803]\n",
      " [-0.01315695  0.25390122 -0.02350229 -0.25659964]\n",
      " [-0.0762421  -0.02350229  0.28721987 -0.02632187]\n",
      " [ 0.00817803 -0.25659964 -0.02632187  0.48692247]]\n",
      "Predictive distribution ~ N(6.904892683736644, 1.1471373173998456)\n",
      "------------------------------30------------------------------\n",
      "Add data point (-0.5956679167654946, 1.1914731974189072):\n",
      "Posterior mean:\n",
      "[[1.1871373 ]\n",
      " [2.57374568]\n",
      " [1.98636398]\n",
      " [2.9646704 ]]\n",
      "Posterior variance:\n",
      "[[ 0.05551974 -0.00935013 -0.07769515  0.00661124]\n",
      " [-0.00935013  0.24127322 -0.01868224 -0.25140225]\n",
      " [-0.07769515 -0.01868224  0.28538008 -0.02830569]\n",
      " [ 0.00661124 -0.25140225 -0.02830569  0.48478334]]\n",
      "Predictive distribution ~ N(-0.26775628670716634, 1.1007624419408886)\n",
      "------------------------------31------------------------------\n",
      "Add data point (0.2240418622171405, 0.8588475320098856):\n",
      "Posterior mean:\n",
      "[[1.13833207]\n",
      " [2.53346097]\n",
      " [2.05315171]\n",
      " [3.00962141]]\n",
      "Posterior variance:\n",
      "[[ 0.05318756 -0.01127515 -0.07450367  0.00875924]\n",
      " [-0.01127515  0.23968427 -0.01604794 -0.24962925]\n",
      " [-0.07450367 -0.01604794  0.28101269 -0.03124513]\n",
      " [ 0.00875924 -0.24962925 -0.03124513  0.48280497]]\n",
      "Predictive distribution ~ N(1.842836215544984, 1.0519988356257142)\n",
      "------------------------------32------------------------------\n",
      "Add data point (-0.6960045063856457, -0.3713310510266736):\n",
      "Posterior mean:\n",
      "[[1.14365229]\n",
      " [2.50885526]\n",
      " [2.07331162]\n",
      " [3.0107304 ]]\n",
      "Posterior variance:\n",
      "[[ 0.05276021 -0.00929868 -0.07612302  0.00867016]\n",
      " [-0.00929868  0.23054323 -0.00855851 -0.24921726]\n",
      " [-0.07612302 -0.00855851  0.27487646 -0.03158269]\n",
      " [ 0.00867016 -0.24921726 -0.03158269  0.4827864 ]]\n",
      "Predictive distribution ~ N(-0.6132620735327821, 1.116294775984013)\n",
      "------------------------------33------------------------------\n",
      "Add data point (-0.734218186285015, 0.29223538089137224):\n",
      "Posterior mean:\n",
      "[[1.1578633 ]\n",
      " [2.42939492]\n",
      " [2.15869268]\n",
      " [2.99525761]]\n",
      "Posterior variance:\n",
      "[[ 0.05255839 -0.00817017 -0.07733562  0.00888991]\n",
      " [-0.00817017  0.22423319 -0.0017783  -0.25044597]\n",
      " [-0.07733562 -0.0017783   0.26759105 -0.03026242]\n",
      " [ 0.00888991 -0.25044597 -0.03026242  0.48254714]]\n",
      "Predictive distribution ~ N(-0.6476644021490716, 1.1171359401394607)\n",
      "------------------------------34------------------------------\n",
      "Add data point (0.45852098221504134, 3.596327699767075):\n",
      "Posterior mean:\n",
      "[[1.17630987]\n",
      " [2.46811478]\n",
      " [2.14499465]\n",
      " [2.95893338]]\n",
      "Posterior variance:\n",
      "[[ 5.14993523e-02 -1.03931143e-02 -7.65492078e-02  1.09753111e-02]\n",
      " [-1.03931143e-02  2.19567179e-01 -1.27593611e-04 -2.46068644e-01]\n",
      " [-7.65492078e-02 -1.27593611e-04  2.67007075e-01 -3.18110003e-02]\n",
      " [ 1.09753111e-02 -2.46068644e-01 -3.18110003e-02  4.78440649e-01]]\n",
      "Predictive distribution ~ N(3.0442007360977703, 1.0512399710547695)\n",
      "------------------------------35------------------------------\n",
      "Add data point (-0.9761365697522433, -0.7845663790095894):\n",
      "Posterior mean:\n",
      "[[1.15829836]\n",
      " [2.47148816]\n",
      " [2.31886766]\n",
      " [2.77118917]]\n",
      "Posterior variance:\n",
      "[[ 0.05116449 -0.0103304  -0.07331667  0.00748489]\n",
      " [-0.0103304   0.21955543 -0.00073302 -0.24541492]\n",
      " [-0.07331667 -0.00073302  0.23580197  0.00188358]\n",
      " [ 0.00748489 -0.24541492  0.00188358  0.44205799]]\n",
      "Predictive distribution ~ N(-1.6221912646513004, 1.275796807439792)\n",
      "------------------------------36------------------------------\n",
      "Add data point (0.5743218162810726, 4.484805363154793):\n",
      "Posterior mean:\n",
      "[[1.17145174]\n",
      " [2.51190482]\n",
      " [2.32144221]\n",
      " [2.74244326]]\n",
      "Posterior variance:\n",
      "[[ 0.05068574 -0.01180148 -0.07341038  0.00853118]\n",
      " [-0.01180148  0.21503522 -0.00102095 -0.24219997]\n",
      " [-0.07341038 -0.00102095  0.23578363  0.00208837]\n",
      " [ 0.00853118 -0.24219997  0.00208837  0.4397714 ]]\n",
      "Predictive distribution ~ N(3.8993324438865424, 1.0514696109804218)\n",
      "------------------------------37------------------------------\n",
      "Add data point (-0.5272482268098599, -0.9412978037797942):\n",
      "Posterior mean:\n",
      "[[1.13746086]\n",
      " [2.59865378]\n",
      " [2.32880205]\n",
      " [2.67267427]]\n",
      "Posterior variance:\n",
      "[[ 0.0495244  -0.0088376  -0.07315892  0.00614744]\n",
      " [-0.0088376   0.20747105 -0.0016627  -0.23611639]\n",
      " [-0.07315892 -0.0016627   0.23572918  0.00260451]\n",
      " [ 0.00614744 -0.23611639  0.00260451  0.43487859]]\n",
      "Predictive distribution ~ N(0.02297641932073341, 1.0653824365688513)\n",
      "------------------------------38------------------------------\n",
      "Add data point (0.8295014838296042, 8.176479232589298):\n",
      "Posterior mean:\n",
      "[[1.13015293]\n",
      " [2.64176454]\n",
      " [2.4693177 ]\n",
      " [2.76770582]]\n",
      "Posterior variance:\n",
      "[[ 0.0495051  -0.00872375 -0.07278783  0.00639841]\n",
      " [-0.00872375  0.20679942 -0.00385182 -0.2375969 ]\n",
      " [-0.07278783 -0.00385182  0.22859396 -0.00222109]\n",
      " [ 0.00639841 -0.2375969  -0.00222109  0.43161502]]\n",
      "Predictive distribution ~ N(6.6002590613158265, 1.1021745794591524)\n",
      "------------------------------39------------------------------\n",
      "Add data point (-0.8167580603575577, 0.5979960976473839):\n",
      "Posterior mean:\n",
      "[[1.13623107]\n",
      " [2.57453802]\n",
      " [2.58068723]\n",
      " [2.71975771]]\n",
      "Posterior variance:\n",
      "[[ 4.94863415e-02 -8.51623648e-03 -7.31316089e-02  6.54641748e-03]\n",
      " [-8.51623648e-03  2.04504221e-01 -4.95170540e-05 -2.39233911e-01]\n",
      " [-7.31316089e-02 -4.95170540e-05  2.22294949e-01  4.90837315e-04]\n",
      " [ 6.54641748e-03 -2.39233911e-01  4.90837315e-04  4.30447448e-01]]\n",
      "Predictive distribution ~ N(-0.7268547029884529, 1.1085981440185033)\n",
      "------------------------------40------------------------------\n",
      "Add data point (-0.41278579763543344, 0.7064279067711576):\n",
      "Posterior mean:\n",
      "[[1.15076662]\n",
      " [2.54693423]\n",
      " [2.56789675]\n",
      " [2.74699601]]\n",
      "Posterior variance:\n",
      "[[ 0.04797114 -0.00563879 -0.07179832  0.00370707]\n",
      " [-0.00563879  0.1990398  -0.00258151 -0.23384184]\n",
      " [-0.07179832 -0.00258151  0.22112173  0.0029893 ]\n",
      " [ 0.00370707 -0.23384184  0.0029893   0.42512677]]\n",
      "Predictive distribution ~ N(0.3437665111935565, 1.0567880469280326)\n",
      "------------------------------41------------------------------\n",
      "Add data point (-0.9652628221077382, -1.0511053658880458):\n",
      "Posterior mean:\n",
      "[[1.1462048 ]\n",
      " [2.5496848 ]\n",
      " [2.60425488]\n",
      " [2.70626986]]\n",
      "Posterior variance:\n",
      "[[ 0.04774184 -0.00550053 -0.06997073  0.00165992]\n",
      " [-0.00550053  0.19895644 -0.00368346 -0.2326075 ]\n",
      " [-0.06997073 -0.00368346  0.20655564  0.01930535]\n",
      " [ 0.00165992 -0.2326075   0.01930535  0.40685054]]\n",
      "Predictive distribution ~ N(-1.3223713425499777, 1.1891687189803593)\n",
      "------------------------------42------------------------------\n",
      "Add data point (0.8916179713411483, 8.054466731824357):\n",
      "Posterior mean:\n",
      "[[1.13964862]\n",
      " [2.55199261]\n",
      " [2.66333617]\n",
      " [2.76160044]]\n",
      "Posterior variance:\n",
      "[[ 0.04762405 -0.00545907 -0.0689093   0.00265396]\n",
      " [-0.00545907  0.19894184 -0.00405709 -0.23295741]\n",
      " [-0.0689093  -0.00405709  0.19699055  0.01034749]\n",
      " [ 0.00265396 -0.23295741  0.01034749  0.39846137]]\n",
      "Predictive distribution ~ N(7.4898368021366695, 1.1263919284528083)\n",
      "------------------------------43------------------------------\n",
      "Add data point (0.9267905729665442, 9.731608293003955):\n",
      "Posterior mean:\n",
      "[[1.1177968 ]\n",
      " [2.53691327]\n",
      " [2.82110153]\n",
      " [2.93151241]]\n",
      "Posterior variance:\n",
      "[[ 4.74418852e-02 -5.58477868e-03 -6.75941005e-02  4.07041615e-03]\n",
      " [-5.58477868e-03  1.98855095e-01 -3.14950698e-03 -2.31979949e-01]\n",
      " [-6.75941005e-02 -3.14950698e-03  1.87495105e-01  1.20970477e-04]\n",
      " [ 4.07041615e-03 -2.31979949e-01  1.20970477e-04  3.87447490e-01]]\n",
      "Predictive distribution ~ N(8.225797715046838, 1.1349666085178067)\n",
      "------------------------------44------------------------------\n",
      "Add data point (-0.5310230957295214, 0.2714938694965855):\n",
      "Posterior mean:\n",
      "[[1.12199049]\n",
      " [2.52636234]\n",
      " [2.81931847]\n",
      " [2.94096392]]\n",
      "Posterior variance:\n",
      "[[ 0.04654867 -0.00333753 -0.06721433  0.00205734]\n",
      " [-0.00333753  0.19320123 -0.00410498 -0.22691522]\n",
      " [-0.06721433 -0.00410498  0.18733363  0.00097688]\n",
      " [ 0.00205734 -0.22691522  0.00097688  0.38291051]]\n",
      "Predictive distribution ~ N(0.1350583683130651, 1.0545920612742188)\n",
      "------------------------------45------------------------------\n",
      "Add data point (0.8577553583701458, 7.375140251126344):\n",
      "Posterior mean:\n",
      "[[1.121352  ]\n",
      " [2.5286712 ]\n",
      " [2.82899383]\n",
      " [2.94807836]]\n",
      "Posterior variance:\n",
      "[[ 0.04653036 -0.00327133 -0.06693692  0.00226132]\n",
      " [-0.00327133  0.19296185 -0.00510814 -0.22765286]\n",
      " [-0.06693692 -0.00510814  0.18312988 -0.0021142 ]\n",
      " [ 0.00226132 -0.22765286 -0.0021142   0.38063759]]\n",
      "Predictive distribution ~ N(7.232247801238026, 1.0830989723038176)\n",
      "------------------------------46------------------------------\n",
      "Add data point (0.035752468774889135, 0.7428658860108464):\n",
      "Posterior mean:\n",
      "[[1.10042578]\n",
      " [2.52704031]\n",
      " [2.85920586]\n",
      " [2.95072672]]\n",
      "Posterior variance:\n",
      "[[ 0.0444792  -0.00343119 -0.06397557  0.00252091]\n",
      " [-0.00343119  0.19294939 -0.00487734 -0.22763263]\n",
      " [-0.06397557 -0.00487734  0.17885446 -0.00248898]\n",
      " [ 0.00252091 -0.22763263 -0.00248898  0.38060474]]\n",
      "Predictive distribution ~ N(1.1945633094400512, 1.0443162706230815)\n",
      "------------------------------47------------------------------\n",
      "Add data point (0.30906252025353687, 2.5139177127554397):\n",
      "Posterior mean:\n",
      "[[1.11015374]\n",
      " [2.53979579]\n",
      " [2.84659193]\n",
      " [2.93593697]]\n",
      "Posterior variance:\n",
      "[[ 0.04314351 -0.00518258 -0.06224362  0.00455161]\n",
      " [-0.00518258  0.19065294 -0.00260638 -0.22496994]\n",
      " [-0.06224362 -0.00260638  0.17660869 -0.00512213]\n",
      " [ 0.00455161 -0.22496994 -0.00512213  0.37751739]]\n",
      "Predictive distribution ~ N(2.2536882555798625, 1.0441812574899756)\n",
      "------------------------------48------------------------------\n",
      "Add data point (0.45003222433810874, 2.5300859162150044):\n",
      "Posterior mean:\n",
      "[[1.09460507]\n",
      " [2.50742447]\n",
      " [2.86186633]\n",
      " [2.97033804]]\n",
      "Posterior variance:\n",
      "[[ 0.04235891 -0.00681606 -0.06147286  0.00628752]\n",
      " [-0.00681606  0.18725213 -0.00100171 -0.22135589]\n",
      " [-0.06147286 -0.00100171  0.17585153 -0.00682741]\n",
      " [ 0.00628752 -0.22135589 -0.00682741  0.37367674]]\n",
      "Predictive distribution ~ N(3.0733680176709046, 1.0421175967252452)\n",
      "------------------------------49------------------------------\n",
      "Add data point (-0.5756732382136576, -0.13956674373832503):\n",
      "Posterior mean:\n",
      "[[1.09056421]\n",
      " [2.51931497]\n",
      " [2.86208162]\n",
      " [2.96049975]]\n",
      "Posterior variance:\n",
      "[[ 0.04177991 -0.00511233 -0.06144201  0.00487784]\n",
      " [-0.00511233  0.18223878 -0.00109248 -0.21720781]\n",
      " [-0.06144201 -0.00109248  0.17584989 -0.00675231]\n",
      " [ 0.00487784 -0.21720781 -0.00675231  0.37024458]]\n",
      "Predictive distribution ~ N(0.023956925950680552, 1.0518239420417872)\n",
      "------------------------------50------------------------------\n",
      "Add data point (0.10908737472780805, 2.5956344662695927):\n",
      "Posterior mean:\n",
      "[[1.13693385]\n",
      " [2.5358862 ]\n",
      " [2.79397989]\n",
      " [2.93941279]]\n",
      "Posterior variance:\n",
      "[[ 4.02049905e-02 -5.67516571e-03 -5.91289668e-02  5.59404765e-03]\n",
      " [-5.67516571e-03  1.82037640e-01 -2.65863036e-04 -2.16951857e-01]\n",
      " [-5.91289668e-02 -2.65863036e-04  1.72452786e-01 -7.80418442e-03]\n",
      " [ 5.59404765e-03 -2.16951857e-01 -7.80418442e-03  3.69918883e-01]]\n",
      "Predictive distribution ~ N(1.4506313229318855, 1.0397029860208433)\n"
     ]
    },
    {
     "data": {
